%YAML:1.0
calibration_time: "Fri 28 Oct 2011 09:48:46 PM PDT"
image_width: 640
image_height: 480
board_width: 8
board_height: 6
square_size: 2.9999999329447746e-02
flags: 0
camera_matrix: !!opencv-matrix
   rows: 3
   cols: 3
   dt: d
   data: [ 5.2595082400593219e+02, 0., 3.1493319569129795e+02, 0.,
       5.2622843998521478e+02, 2.1892795786141906e+02, 0., 0., 1. ]
distortion_coefficients: !!opencv-matrix
   rows: 5
   cols: 1
   dt: d
   data: [ 9.4846787500003346e-02, -2.8095739406077996e-01,
       -1.9082670526847968e-03, 5.3035931793489434e-03,
       2.3636720468484254e-01 ]
avg_reprojection_error: 2.5661653348001501e-01
image_points: !!opencv-matrix
   rows: 10
   cols: 48
   dt: "2f"
   data: [ 1.54099396e+02, 1.23831871e+02, 1.95138443e+02,
       1.15290833e+02, 2.35524597e+02, 1.06450951e+02, 2.75496582e+02,
       9.78666916e+01, 3.14820282e+02, 8.99207535e+01, 3.53821655e+02,
       8.15335159e+01, 3.92248901e+02, 7.31314163e+01, 4.30417786e+02,
       6.46267471e+01, 1.59178970e+02, 1.58292267e+02, 2.01735580e+02,
       1.49217041e+02, 2.43478912e+02, 1.40032669e+02, 2.84603668e+02,
       1.31121887e+02, 3.25250366e+02, 1.22297432e+02, 3.65444000e+02,
       1.13265373e+02, 4.04901093e+02, 1.04273178e+02, 4.44515564e+02,
       9.53344574e+01, 1.64713089e+02, 1.94556732e+02, 2.08673370e+02,
       1.84929565e+02, 2.51848557e+02, 1.75289688e+02, 2.94303894e+02,
       1.65791367e+02, 3.36180969e+02, 1.56455505e+02, 3.77609283e+02,
       1.46897308e+02, 4.18547333e+02, 1.37663620e+02, 4.59225464e+02,
       1.27726822e+02, 1.70524521e+02, 2.34097366e+02, 2.16151398e+02,
       2.23481171e+02, 2.60848175e+02, 2.13276520e+02, 3.04759644e+02,
       2.03099487e+02, 3.47894531e+02, 1.93050339e+02, 3.90820282e+02,
       1.83067902e+02, 4.33151367e+02, 1.73211380e+02, 4.75213806e+02,
       1.62911499e+02, 1.76719971e+02, 2.76291901e+02, 2.24092407e+02,
       2.64860260e+02, 2.70388153e+02, 2.53564896e+02, 3.15942139e+02,
       2.42917831e+02, 3.60653778e+02, 2.32306122e+02, 4.05086334e+02,
       2.21540955e+02, 4.48793213e+02, 2.11026260e+02, 4.92451385e+02,
       2.00394333e+02, 1.83467178e+02, 3.22191833e+02, 2.32569382e+02,
       3.09734497e+02, 2.80737457e+02, 2.97866180e+02, 3.28176117e+02,
       2.86242157e+02, 3.74574097e+02, 2.74640259e+02, 4.20706146e+02,
       2.63535767e+02, 4.66233276e+02, 2.52357559e+02, 5.10958557e+02,
       2.41400681e+02, 1.39681030e+02, 1.16870003e+02, 1.81840988e+02,
       1.05299995e+02, 2.23344269e+02, 9.37293625e+01, 2.63808167e+02,
       8.24932022e+01, 3.03582581e+02, 7.21109543e+01, 3.42753967e+02,
       6.13006897e+01, 3.81066681e+02, 5.06569748e+01, 4.18753174e+02,
       3.99113388e+01, 1.48494598e+02, 1.51932327e+02, 1.92360046e+02,
       1.39761292e+02, 2.34785492e+02, 1.27689957e+02, 2.76499451e+02,
       1.15932922e+02, 3.17288452e+02, 1.04488113e+02, 3.57454681e+02,
       9.28698502e+01, 3.96625854e+02, 8.14365005e+01, 4.35605255e+02,
       7.01233215e+01, 1.58091248e+02, 1.89328888e+02, 2.03235672e+02,
       1.76232162e+02, 2.47060623e+02, 1.63408234e+02, 2.89808167e+02,
       1.50861710e+02, 3.31688202e+02, 1.38585083e+02, 3.72830200e+02,
       1.26265541e+02, 4.13355408e+02, 1.14256920e+02, 4.53249298e+02,
       1.01818756e+02, 1.68441772e+02, 2.29551880e+02, 2.14827469e+02,
       2.15316910e+02, 2.60037231e+02, 2.01532501e+02, 3.04082611e+02,
       1.87952499e+02, 3.46933746e+02, 1.75013885e+02, 3.89556549e+02,
       1.61747604e+02, 4.31176941e+02, 1.49157883e+02, 4.72253693e+02,
       1.35896347e+02, 1.79410431e+02, 2.72353638e+02, 2.27131821e+02,
       2.57174835e+02, 2.73829803e+02, 2.41945190e+02, 3.19241608e+02,
       2.27801010e+02, 3.63796997e+02, 2.13458954e+02, 4.07559875e+02,
       1.99713226e+02, 4.50453400e+02, 1.85820511e+02, 4.92712250e+02,
       1.72096954e+02, 1.91381653e+02, 3.18830566e+02, 2.40887939e+02,
       3.02089294e+02, 2.89113037e+02, 2.86157410e+02, 3.36348175e+02,
       2.70385895e+02, 3.82219604e+02, 2.55340759e+02, 4.27413849e+02,
       2.40399216e+02, 4.71579132e+02, 2.25972900e+02, 5.14757935e+02,
       2.11551788e+02, 1.63434738e+02, 1.92473541e+02, 2.02356491e+02,
       1.76277130e+02, 2.38929733e+02, 1.60948578e+02, 2.73539062e+02,
       1.46472488e+02, 3.06124756e+02, 1.33362946e+02, 3.37129089e+02,
       1.20349884e+02, 3.66508667e+02, 1.08114647e+02, 3.94373932e+02,
       9.60654068e+01, 1.82272659e+02, 2.21483124e+02, 2.22180267e+02,
       2.04120468e+02, 2.59530701e+02, 1.87386566e+02, 2.94636902e+02,
       1.71704636e+02, 3.27808228e+02, 1.57086441e+02, 3.59492004e+02,
       1.42813522e+02, 3.89141785e+02, 1.29517685e+02, 4.17735046e+02,
       1.16506516e+02, 2.02543243e+02, 2.52773499e+02, 2.43426682e+02,
       2.33499939e+02, 2.81551117e+02, 2.15352051e+02, 3.17425354e+02,
       1.98407532e+02, 3.51219391e+02, 1.82319916e+02, 3.83226410e+02,
       1.66988876e+02, 4.13412384e+02, 1.52527359e+02, 4.42289612e+02,
       1.38346481e+02, 2.24707153e+02, 2.87308899e+02, 2.66491089e+02,
       2.65708252e+02, 3.05559143e+02, 2.45770645e+02, 3.42123779e+02,
       2.27049026e+02, 3.76353729e+02, 2.09509232e+02, 4.09175537e+02,
       1.92907333e+02, 4.39526825e+02, 1.77210266e+02, 4.69041748e+02,
       1.61822357e+02, 2.48854736e+02, 3.24587158e+02, 2.91727173e+02,
       3.00789429e+02, 3.31599030e+02, 2.78499969e+02, 3.68878998e+02,
       2.58281128e+02, 4.03807983e+02, 2.38927475e+02, 4.36831421e+02,
       2.20701111e+02, 4.68035004e+02, 2.03525543e+02, 4.97589813e+02,
       1.86820740e+02, 2.75744385e+02, 3.66088776e+02, 3.19710358e+02,
       3.39282471e+02, 3.60458221e+02, 3.14916168e+02, 3.98625275e+02,
       2.92188324e+02, 4.34100891e+02, 2.70770386e+02, 4.67803192e+02,
       2.51006973e+02, 4.99071594e+02, 2.32174469e+02, 5.28454834e+02,
       2.14639923e+02, 9.02889557e+01, 2.32151199e+02, 1.28061478e+02,
       2.04710617e+02, 1.63111649e+02, 1.79320145e+02, 1.94646820e+02,
       1.56351273e+02, 2.24520096e+02, 1.35628784e+02, 2.51398499e+02,
       1.16322945e+02, 2.76825531e+02, 9.81448822e+01, 3.00055573e+02,
       8.09863892e+01, 1.21544617e+02, 2.58151550e+02, 1.59355896e+02,
       2.28695114e+02, 1.93481186e+02, 2.01971756e+02, 2.25183685e+02,
       1.77447357e+02, 2.53740128e+02, 1.55296844e+02, 2.80950653e+02,
       1.34181793e+02, 3.05208893e+02, 1.15077835e+02, 3.28760956e+02,
       9.68938599e+01, 1.54779373e+02, 2.85390137e+02, 1.91998550e+02,
       2.53856735e+02, 2.25872665e+02, 2.25240936e+02, 2.56516876e+02,
       1.99345505e+02, 2.85001282e+02, 1.75409210e+02, 3.10903198e+02,
       1.53359482e+02, 3.35408813e+02, 1.32693924e+02, 3.57577240e+02,
       1.13322617e+02, 1.90310989e+02, 3.15068237e+02, 2.26930389e+02,
       2.80716705e+02, 2.59891998e+02, 2.50049240e+02, 2.90398865e+02,
       2.22093521e+02, 3.17598541e+02, 1.96690018e+02, 3.43361023e+02,
       1.73131516e+02, 3.66675812e+02, 1.51352676e+02, 3.88752686e+02,
       1.30688980e+02, 2.28321732e+02, 3.46004028e+02, 2.63832703e+02,
       3.09330841e+02, 2.96371185e+02, 2.75970367e+02, 3.25585297e+02,
       2.46408966e+02, 3.52501862e+02, 2.18844131e+02, 3.77235443e+02,
       1.93889023e+02, 4.00368378e+02, 1.70658966e+02, 4.21532745e+02,
       1.48728333e+02, 2.69143585e+02, 3.79865540e+02, 3.04060303e+02,
       3.39620667e+02, 3.35267883e+02, 3.04232605e+02, 3.63990875e+02,
       2.71646820e+02, 3.89657104e+02, 2.42491684e+02, 4.13870728e+02,
       2.15697983e+02, 4.35822998e+02, 1.90998322e+02, 4.56233673e+02,
       1.68384567e+02, 9.97420197e+01, 2.62492004e+02, 1.19014679e+02,
       2.20251602e+02, 1.36522507e+02, 1.81664719e+02, 1.52417816e+02,
       1.46801376e+02, 1.66887207e+02, 1.15668571e+02, 1.80350052e+02,
       8.65856171e+01, 1.92411148e+02, 5.99148254e+01, 2.04119003e+02,
       3.51553993e+01, 1.50746231e+02, 2.74218964e+02, 1.67513000e+02,
       2.31500031e+02, 1.82548935e+02, 1.92941452e+02, 1.96318039e+02,
